4941.8059931
5070.8485831
5171.8962631
5327.9973731
5431.0065631
5562.0470531
5690.1420131
5761.1791231
5858.2318831
5945.2639131
6002.2853731
6165.3487031
6279.3916331
6392.4756931
6520.5706531
6621.6183331
6692.6554431
6820.7140231
6967.7824331
7054.8144631
7210.9155731
7396.9948831
7512.0218231
7675.0851531
7822.1535631
7951.1961531
8137.2754631
8251.3183931
8388.3773031
8517.4198931
8604.4519231
8732.5105031
8835.5196931
8963.6146531
9100.6735631
9229.7161531
9357.7747331
9520.8380631
9706.9173731
9805.9857831
9863.0072431
9934.0443531
10090.1454631
10189.2138731
10302.2979331
10401.3663431
10504.3755331
10617.4595931
10720.4687831
10807.5008131
10944.5597231
11075.6002131
11238.6635431
11394.7646531
11451.7861131
11566.8130531
11722.9141631
11850.9727431
11948.0255031
12051.0346931
12122.0718031
12221.1402131
12334.2242731
12448.2672031
12604.3683131
12703.4367231
12831.5316831
12959.5902631
13090.6307531
13205.6576931
13319.7006231
13466.7690331
13581.7959731
13695.8389031
13851.9400131
13980.0349731
14051.0720831
14150.1404931
14207.1619531
14393.2412631
14490.2940231
14618.3526031
14746.4475631
14874.5425231
14988.5854531
15075.6174831
15172.6702431
15358.7495531