18373.6110236
4073.80064178
4229.90175178
4259.87995178
4356.93271178
4357.99671178
4471.08077178
4487.97320178
4559.01031178
4568.13353178
4665.18629178
4672.09437178
4785.17843178
4812.25470178
4886.22611178
4909.30746178
4999.31017178
5023.35039178
5127.36875178
5179.45150178
5228.41643178
5280.49918178
5343.44337178
5408.59414178
5446.45256178
5533.48459178
5536.65272178
5639.66191178
5661.54317178
5752.74597178
5775.58610178
5839.77800178
5878.59529178
5967.83658178
6006.69025178
6153.91589178
6192.76956178
6267.95882178
6320.82814178
6354.99085178
6449.87073178
6492.04976178
6536.90276178
6591.11817178
6649.98682178
6678.15020178
6751.03450178
6838.06653178
6841.21353178
6895.08799178
6970.25612178
6994.15640178
7083.34018178
7141.22481178
7180.39294178
7269.28339178
7293.47700178
7340.32050178
7406.56106178
7503.38383178
7520.60399178
7602.45224178
7648.66257178
7731.49483178
7785.72148178
7818.52686178
7882.77424178
7915.57962178
7995.85830178
8046.62011178
8132.91721178
8183.67902178
8263.95770178
8320.73793178
8377.04176178
8433.82199178
8492.06870178
8546.90605178
8605.15276178
8649.91524178
8706.93670178
8719.19569178
8820.02076178
8822.20488178
8933.10482178
8935.28894178
9034.15250178
9063.34752178
9181.22091178
9192.39011178
9310.26350178
9339.45852178
9438.32208178
9440.50620178
9551.40614178
9553.59026178
9654.41533178
9666.67432178
9723.69578178
9768.45826178
9826.70497178
9881.54232178
9939.78903178
9996.56926178
10052.8730918
10109.6533218
10189.9320018
10240.6938118
10326.9909118
10377.7527218
10458.0314018
10490.8367818
10555.0841618
10587.8895418
10642.1161918
10724.9484518
10771.1587818
10853.0070318
10870.2271918
10967.0499618
11033.2905218
11080.1340218
11104.3276318
11193.2180818
11232.3862118
11290.2708418
11379.4546218
11403.3549018
11478.5230318
11532.3974918
11535.5444918
11622.5765218
11695.4608218
11723.6242018
11782.4928518
11836.7082618
11881.5612618
11923.7402918
12018.6201718
12052.7828818
12105.6522018
12180.8414618
12219.6951318
12366.9207718
12405.7744418
12495.0157318
12533.8330218
12598.0249218
12620.8650518
12712.0678518
12733.9491118
12836.9583018
12840.1264318
12927.1584618
12965.0168818
13030.1676518
13093.1118418
13145.1945918
13194.1595218
13246.2422718
13350.2606318
13374.3008518
13464.3035618
13487.3849118
13561.3563218
13588.4325918
13701.5166518
13708.4247318
13805.4774918
13814.6007118
13885.6378218
13902.5302518
14015.6143118
14016.6783118
14113.7310718
14143.7092718
14299.8103818